#          z        rlum
#
       0.001      0.4771
       0.002      0.7784
       0.003      0.9547
       0.004        1.08
       0.005       1.177
       0.006       1.256
       0.007       1.324
       0.008       1.382
       0.009       1.433
        0.01       1.479
       0.011       1.521
       0.012       1.559
       0.013       1.594
       0.014       1.626
       0.015       1.656
       0.016       1.684
       0.017       1.711
       0.018       1.736
       0.019        1.76
        0.02       1.782
       0.021       1.804
       0.022       1.824
       0.023       1.844
       0.024       1.862
       0.025        1.88
       0.026       1.897
       0.027       1.914
       0.028        1.93
       0.029       1.945
        0.03        1.96
       0.031       1.975
       0.032       1.989
       0.033       2.002
       0.034       2.016
       0.035       2.028
       0.036       2.041
       0.037       2.053
       0.038       2.065
       0.039       2.076
        0.04       2.087
       0.041       2.098
       0.042       2.109
       0.043       2.119
       0.044        2.13
       0.045        2.14
       0.046       2.149
       0.047       2.159
       0.048       2.168
       0.049       2.177
        0.05       2.186
       0.051       2.195
       0.052       2.204
       0.053       2.212
       0.054       2.221
       0.055       2.229
       0.056       2.237
       0.057       2.245
       0.058       2.253
       0.059        2.26
        0.06       2.268
       0.061       2.275
       0.062       2.282
       0.063       2.289
       0.064       2.296
       0.065       2.303
       0.066        2.31
       0.067       2.317
       0.068       2.324
       0.069        2.33
        0.07       2.337
       0.071       2.343
       0.072       2.349
       0.073       2.355
       0.074       2.362
       0.075       2.368
       0.076       2.374
       0.077       2.379
       0.078       2.385
       0.079       2.391
        0.08       2.397
       0.081       2.402
       0.082       2.408
       0.083       2.413
       0.084       2.419
       0.085       2.424
       0.086       2.429
       0.087       2.434
       0.088        2.44
       0.089       2.445
        0.09        2.45
       0.091       2.455
       0.092        2.46
       0.093       2.465
       0.094       2.469
       0.095       2.474
       0.096       2.479
       0.097       2.484
       0.098       2.488
       0.099       2.493
         0.1       2.497
       0.101       2.502
       0.102       2.506
       0.103       2.511
       0.104       2.515
       0.105        2.52
       0.106       2.524
       0.107       2.528
       0.108       2.532
       0.109       2.537
        0.11       2.541
       0.111       2.545
       0.112       2.549
       0.113       2.553
       0.114       2.557
       0.115       2.561
       0.116       2.565
       0.117       2.569
       0.118       2.573
       0.119       2.577
        0.12        2.58
       0.121       2.584
       0.122       2.588
       0.123       2.592
       0.124       2.595
       0.125       2.599
       0.126       2.603
       0.127       2.606
       0.128        2.61
       0.129       2.614
        0.13       2.617
       0.131       2.621
       0.132       2.624
       0.133       2.628
       0.134       2.631
       0.135       2.634
       0.136       2.638
       0.137       2.641
       0.138       2.645
       0.139       2.648
        0.14       2.651
       0.141       2.654
       0.142       2.658
       0.143       2.661
       0.144       2.664
       0.145       2.667
       0.146       2.671
       0.147       2.674
       0.148       2.677
       0.149        2.68
        0.15       2.683
       0.151       2.686
       0.152       2.689
       0.153       2.692
       0.154       2.695
       0.155       2.698
       0.156       2.701
       0.157       2.704
       0.158       2.707
       0.159        2.71
        0.16       2.713
       0.161       2.716
       0.162       2.719
       0.163       2.721
       0.164       2.724
       0.165       2.727
       0.166        2.73
       0.167       2.733
       0.168       2.736
       0.169       2.738
        0.17       2.741
       0.171       2.744
       0.172       2.746
       0.173       2.749
       0.174       2.752
       0.175       2.755
       0.176       2.757
       0.177        2.76
       0.178       2.762
       0.179       2.765
        0.18       2.768
       0.181        2.77
       0.182       2.773
       0.183       2.775
       0.184       2.778
       0.185        2.78
       0.186       2.783
       0.187       2.785
       0.188       2.788
       0.189        2.79
        0.19       2.793
       0.191       2.795
       0.192       2.798
       0.193         2.8
       0.194       2.803
       0.195       2.805
       0.196       2.807
       0.197        2.81
       0.198       2.812
       0.199       2.815
         0.2       2.817
       0.201       2.819
       0.202       2.822
       0.203       2.824
       0.204       2.826
       0.205       2.829
       0.206       2.831
       0.207       2.833
       0.208       2.835
       0.209       2.838
        0.21        2.84
       0.211       2.842
       0.212       2.844
       0.213       2.847
       0.214       2.849
       0.215       2.851
       0.216       2.853
       0.217       2.855
       0.218       2.858
       0.219        2.86
        0.22       2.862
       0.221       2.864
       0.222       2.866
       0.223       2.868
       0.224        2.87
       0.225       2.872
       0.226       2.875
       0.227       2.877
       0.228       2.879
       0.229       2.881
        0.23       2.883
       0.231       2.885
       0.232       2.887
       0.233       2.889
       0.234       2.891
       0.235       2.893
       0.236       2.895
       0.237       2.897
       0.238       2.899
       0.239       2.901
        0.24       2.903
       0.241       2.905
       0.242       2.907
       0.243       2.909
       0.244       2.911
       0.245       2.913
       0.246       2.915
       0.247       2.917
       0.248       2.919
       0.249       2.921
        0.25       2.922
       0.251       2.924
       0.252       2.926
       0.253       2.928
       0.254        2.93
       0.255       2.932
       0.256       2.934
       0.257       2.936
       0.258       2.937
       0.259       2.939
        0.26       2.941
       0.261       2.943
       0.262       2.945
       0.263       2.947
       0.264       2.948
       0.265        2.95
       0.266       2.952
       0.267       2.954
       0.268       2.956
       0.269       2.957
        0.27       2.959
       0.271       2.961
       0.272       2.963
       0.273       2.964
       0.274       2.966
       0.275       2.968
       0.276        2.97
       0.277       2.971
       0.278       2.973
       0.279       2.975
        0.28       2.977
       0.281       2.978
       0.282        2.98
       0.283       2.982
       0.284       2.983
       0.285       2.985
       0.286       2.987
       0.287       2.988
       0.288        2.99
       0.289       2.992
        0.29       2.993
       0.291       2.995
       0.292       2.997
       0.293       2.998
       0.294           3
       0.295       3.002
       0.296       3.003
       0.297       3.005
       0.298       3.007
       0.299       3.008
         0.3        3.01
       0.301       3.011
       0.302       3.013
       0.303       3.015
       0.304       3.016
       0.305       3.018
       0.306       3.019
       0.307       3.021
       0.308       3.022
       0.309       3.024
        0.31       3.026
       0.311       3.027
       0.312       3.029
       0.313        3.03
       0.314       3.032
       0.315       3.033
       0.316       3.035
       0.317       3.036
       0.318       3.038
       0.319       3.039
        0.32       3.041
       0.321       3.042
       0.322       3.044
       0.323       3.045
       0.324       3.047
       0.325       3.048
       0.326        3.05
       0.327       3.051
       0.328       3.053
       0.329       3.054
        0.33       3.056
       0.331       3.057
       0.332       3.059
       0.333        3.06
       0.334       3.062
       0.335       3.063
       0.336       3.065
       0.337       3.066
       0.338       3.068
       0.339       3.069
        0.34        3.07
       0.341       3.072
       0.342       3.073
       0.343       3.075
       0.344       3.076
       0.345       3.078
       0.346       3.079
       0.347        3.08
       0.348       3.082
       0.349       3.083
        0.35       3.085
       0.351       3.086
       0.352       3.087
       0.353       3.089
       0.354        3.09
       0.355       3.091
       0.356       3.093
       0.357       3.094
       0.358       3.096
       0.359       3.097
        0.36       3.098
       0.361         3.1
       0.362       3.101
       0.363       3.102
       0.364       3.104
       0.365       3.105
       0.366       3.106
       0.367       3.108
       0.368       3.109
       0.369        3.11
        0.37       3.112
       0.371       3.113
       0.372       3.114
       0.373       3.116
       0.374       3.117
       0.375       3.118
       0.376        3.12
       0.377       3.121
       0.378       3.122
       0.379       3.123
        0.38       3.125
       0.381       3.126
       0.382       3.127
       0.383       3.129
       0.384        3.13
       0.385       3.131
       0.386       3.132
       0.387       3.134
       0.388       3.135
       0.389       3.136
        0.39       3.138
       0.391       3.139
       0.392        3.14
       0.393       3.141
       0.394       3.143
       0.395       3.144
       0.396       3.145
       0.397       3.146
       0.398       3.148
       0.399       3.149
         0.4        3.15
       0.401       3.151
       0.402       3.152
       0.403       3.154
       0.404       3.155
       0.405       3.156
       0.406       3.157
       0.407       3.159
       0.408        3.16
       0.409       3.161
        0.41       3.162
       0.411       3.163
       0.412       3.165
       0.413       3.166
       0.414       3.167
       0.415       3.168
       0.416       3.169
       0.417       3.171
       0.418       3.172
       0.419       3.173
        0.42       3.174
       0.421       3.175
       0.422       3.176
       0.423       3.178
       0.424       3.179
       0.425        3.18
       0.426       3.181
       0.427       3.182
       0.428       3.183
       0.429       3.185
        0.43       3.186
       0.431       3.187
       0.432       3.188
       0.433       3.189
       0.434        3.19
       0.435       3.191
       0.436       3.193
       0.437       3.194
       0.438       3.195
       0.439       3.196
        0.44       3.197
       0.441       3.198
       0.442       3.199
       0.443       3.201
       0.444       3.202
       0.445       3.203
       0.446       3.204
       0.447       3.205
       0.448       3.206
       0.449       3.207
        0.45       3.208
       0.451       3.209
       0.452       3.211
       0.453       3.212
       0.454       3.213
       0.455       3.214
       0.456       3.215
       0.457       3.216
       0.458       3.217
       0.459       3.218
        0.46       3.219
       0.461        3.22
       0.462       3.221
       0.463       3.223
       0.464       3.224
       0.465       3.225
       0.466       3.226
       0.467       3.227
       0.468       3.228
       0.469       3.229
        0.47        3.23
       0.471       3.231
       0.472       3.232
       0.473       3.233
       0.474       3.234
       0.475       3.235
       0.476       3.236
       0.477       3.237
       0.478       3.238
       0.479       3.239
        0.48       3.241
       0.481       3.242
       0.482       3.243
       0.483       3.244
       0.484       3.245
       0.485       3.246
       0.486       3.247
       0.487       3.248
       0.488       3.249
       0.489        3.25
        0.49       3.251
       0.491       3.252
       0.492       3.253
       0.493       3.254
       0.494       3.255
       0.495       3.256
       0.496       3.257
       0.497       3.258
       0.498       3.259
       0.499        3.26
         0.5       3.261
       0.501       3.262
       0.502       3.263
       0.503       3.264
       0.504       3.265
       0.505       3.266
       0.506       3.267
       0.507       3.268
       0.508       3.269
       0.509        3.27
        0.51       3.271
       0.511       3.272
       0.512       3.273
       0.513       3.274
       0.514       3.275
       0.515       3.276
       0.516       3.277
       0.517       3.278
       0.518       3.279
       0.519        3.28
        0.52       3.281
       0.521       3.282
       0.522       3.283
       0.523       3.284
       0.524       3.285
       0.525       3.286
       0.526       3.286
       0.527       3.287
       0.528       3.288
       0.529       3.289
        0.53        3.29
       0.531       3.291
       0.532       3.292
       0.533       3.293
       0.534       3.294
       0.535       3.295
       0.536       3.296
       0.537       3.297
       0.538       3.298
       0.539       3.299
        0.54         3.3
       0.541       3.301
       0.542       3.302
       0.543       3.303
       0.544       3.303
       0.545       3.304
       0.546       3.305
       0.547       3.306
       0.548       3.307
       0.549       3.308
        0.55       3.309
       0.551        3.31
       0.552       3.311
       0.553       3.312
       0.554       3.313
       0.555       3.314
       0.556       3.314
       0.557       3.315
       0.558       3.316
       0.559       3.317
        0.56       3.318
       0.561       3.319
       0.562        3.32
       0.563       3.321
       0.564       3.322
       0.565       3.323
       0.566       3.324
       0.567       3.324
       0.568       3.325
       0.569       3.326
        0.57       3.327
       0.571       3.328
       0.572       3.329
       0.573        3.33
       0.574       3.331
       0.575       3.332
       0.576       3.332
       0.577       3.333
       0.578       3.334
       0.579       3.335
        0.58       3.336
       0.581       3.337
       0.582       3.338
       0.583       3.339
       0.584       3.339
       0.585        3.34
       0.586       3.341
       0.587       3.342
       0.588       3.343
       0.589       3.344
        0.59       3.345
       0.591       3.345
       0.592       3.346
       0.593       3.347
       0.594       3.348
       0.595       3.349
       0.596        3.35
       0.597       3.351
       0.598       3.351
       0.599       3.352
         0.6       3.353
       0.601       3.354
       0.602       3.355
       0.603       3.356
       0.604       3.357
       0.605       3.357
       0.606       3.358
       0.607       3.359
       0.608        3.36
       0.609       3.361
        0.61       3.362
       0.611       3.362
       0.612       3.363
       0.613       3.364
       0.614       3.365
       0.615       3.366
       0.616       3.367
       0.617       3.367
       0.618       3.368
       0.619       3.369
        0.62        3.37
       0.621       3.371
       0.622       3.372
       0.623       3.372
       0.624       3.373
       0.625       3.374
       0.626       3.375
       0.627       3.376
       0.628       3.376
       0.629       3.377
        0.63       3.378
       0.631       3.379
       0.632        3.38
       0.633       3.381
       0.634       3.381
       0.635       3.382
       0.636       3.383
       0.637       3.384
       0.638       3.385
       0.639       3.385
        0.64       3.386
       0.641       3.387
       0.642       3.388
       0.643       3.389
       0.644       3.389
       0.645        3.39
       0.646       3.391
       0.647       3.392
       0.648       3.392
       0.649       3.393
        0.65       3.394
       0.651       3.395
       0.652       3.396
       0.653       3.396
       0.654       3.397
       0.655       3.398
       0.656       3.399
       0.657         3.4
       0.658         3.4
       0.659       3.401
        0.66       3.402
       0.661       3.403
       0.662       3.403
       0.663       3.404
       0.664       3.405
       0.665       3.406
       0.666       3.407
       0.667       3.407
       0.668       3.408
       0.669       3.409
        0.67        3.41
       0.671        3.41
       0.672       3.411
       0.673       3.412
       0.674       3.413
       0.675       3.413
       0.676       3.414
       0.677       3.415
       0.678       3.416
       0.679       3.416
        0.68       3.417
       0.681       3.418
       0.682       3.419
       0.683        3.42
       0.684        3.42
       0.685       3.421
       0.686       3.422
       0.687       3.423
       0.688       3.423
       0.689       3.424
        0.69       3.425
       0.691       3.426
       0.692       3.426
       0.693       3.427
       0.694       3.428
       0.695       3.428
       0.696       3.429
       0.697        3.43
       0.698       3.431
       0.699       3.431
         0.7       3.432
       0.701       3.433
       0.702       3.434
       0.703       3.434
       0.704       3.435
       0.705       3.436
       0.706       3.437
       0.707       3.437
       0.708       3.438
       0.709       3.439
        0.71        3.44
       0.711        3.44
       0.712       3.441
       0.713       3.442
       0.714       3.442
       0.715       3.443
       0.716       3.444
       0.717       3.445
       0.718       3.445
       0.719       3.446
        0.72       3.447
       0.721       3.447
       0.722       3.448
       0.723       3.449
       0.724        3.45
       0.725        3.45
       0.726       3.451
       0.727       3.452
       0.728       3.452
       0.729       3.453
        0.73       3.454
       0.731       3.455
       0.732       3.455
       0.733       3.456
       0.734       3.457
       0.735       3.457
       0.736       3.458
       0.737       3.459
       0.738        3.46
       0.739        3.46
        0.74       3.461
       0.741       3.462
       0.742       3.462
       0.743       3.463
       0.744       3.464
       0.745       3.464
       0.746       3.465
       0.747       3.466
       0.748       3.466
       0.749       3.467
        0.75       3.468
       0.751       3.469
       0.752       3.469
       0.753        3.47
       0.754       3.471
       0.755       3.471
       0.756       3.472
       0.757       3.473
       0.758       3.473
       0.759       3.474
        0.76       3.475
       0.761       3.475
       0.762       3.476
       0.763       3.477
       0.764       3.477
       0.765       3.478
       0.766       3.479
       0.767        3.48
       0.768        3.48
       0.769       3.481
        0.77       3.482
       0.771       3.482
       0.772       3.483
       0.773       3.484
       0.774       3.484
       0.775       3.485
       0.776       3.486
       0.777       3.486
       0.778       3.487
       0.779       3.488
        0.78       3.488
       0.781       3.489
       0.782        3.49
       0.783        3.49
       0.784       3.491
       0.785       3.492
       0.786       3.492
       0.787       3.493
       0.788       3.494
       0.789       3.494
        0.79       3.495
       0.791       3.496
       0.792       3.496
       0.793       3.497
       0.794       3.498
       0.795       3.498
       0.796       3.499
       0.797       3.499
       0.798         3.5
       0.799       3.501
         0.8       3.501
       0.801       3.502
       0.802       3.503
       0.803       3.503
       0.804       3.504
       0.805       3.505
       0.806       3.505
       0.807       3.506
       0.808       3.507
       0.809       3.507
        0.81       3.508
       0.811       3.509
       0.812       3.509
       0.813        3.51
       0.814       3.511
       0.815       3.511
       0.816       3.512
       0.817       3.512
       0.818       3.513
       0.819       3.514
        0.82       3.514
       0.821       3.515
       0.822       3.516
       0.823       3.516
       0.824       3.517
       0.825       3.518
       0.826       3.518
       0.827       3.519
       0.828       3.519
       0.829        3.52
        0.83       3.521
       0.831       3.521
       0.832       3.522
       0.833       3.523
       0.834       3.523
       0.835       3.524
       0.836       3.524
       0.837       3.525
       0.838       3.526
       0.839       3.526
        0.84       3.527
       0.841       3.528
       0.842       3.528
       0.843       3.529
       0.844       3.529
       0.845        3.53
       0.846       3.531
       0.847       3.531
       0.848       3.532
       0.849       3.533
        0.85       3.533
       0.851       3.534
       0.852       3.534
       0.853       3.535
       0.854       3.536
       0.855       3.536
       0.856       3.537
       0.857       3.537
       0.858       3.538
       0.859       3.539
        0.86       3.539
       0.861        3.54
       0.862        3.54
       0.863       3.541
       0.864       3.542
       0.865       3.542
       0.866       3.543
       0.867       3.544
       0.868       3.544
       0.869       3.545
        0.87       3.545
       0.871       3.546
       0.872       3.547
       0.873       3.547
       0.874       3.548
       0.875       3.548
       0.876       3.549
       0.877        3.55
       0.878        3.55
       0.879       3.551
        0.88       3.551
       0.881       3.552
       0.882       3.553
       0.883       3.553
       0.884       3.554
       0.885       3.554
       0.886       3.555
       0.887       3.555
       0.888       3.556
       0.889       3.557
        0.89       3.557
       0.891       3.558
       0.892       3.558
       0.893       3.559
       0.894        3.56
       0.895        3.56
       0.896       3.561
       0.897       3.561
       0.898       3.562
       0.899       3.563
         0.9       3.563
       0.901       3.564
       0.902       3.564
       0.903       3.565
       0.904       3.565
       0.905       3.566
       0.906       3.567
       0.907       3.567
       0.908       3.568
       0.909       3.568
        0.91       3.569
       0.911        3.57
       0.912        3.57
       0.913       3.571
       0.914       3.571
       0.915       3.572
       0.916       3.572
       0.917       3.573
       0.918       3.574
       0.919       3.574
        0.92       3.575
       0.921       3.575
       0.922       3.576
       0.923       3.576
       0.924       3.577
       0.925       3.578
       0.926       3.578
       0.927       3.579
       0.928       3.579
       0.929        3.58
        0.93        3.58
       0.931       3.581
       0.932       3.582
       0.933       3.582
       0.934       3.583
       0.935       3.583
       0.936       3.584
       0.937       3.584
       0.938       3.585
       0.939       3.586
        0.94       3.586
       0.941       3.587
       0.942       3.587
       0.943       3.588
       0.944       3.588
       0.945       3.589
       0.946       3.589
       0.947        3.59
       0.948       3.591
       0.949       3.591
        0.95       3.592
       0.951       3.592
       0.952       3.593
       0.953       3.593
       0.954       3.594
       0.955       3.594
       0.956       3.595
       0.957       3.596
       0.958       3.596
       0.959       3.597
        0.96       3.597
       0.961       3.598
       0.962       3.598
       0.963       3.599
       0.964       3.599
       0.965         3.6
       0.966         3.6
       0.967       3.601
       0.968       3.602
       0.969       3.602
        0.97       3.603
       0.971       3.603
       0.972       3.604
       0.973       3.604
       0.974       3.605
       0.975       3.605
       0.976       3.606
       0.977       3.606
       0.978       3.607
       0.979       3.608
        0.98       3.608
       0.981       3.609
       0.982       3.609
       0.983        3.61
       0.984        3.61
       0.985       3.611
       0.986       3.611
       0.987       3.612
       0.988       3.612
       0.989       3.613
        0.99       3.613
       0.991       3.614
       0.992       3.615
       0.993       3.615
       0.994       3.616
       0.995       3.616
       0.996       3.617
       0.997       3.617
       0.998       3.618
       0.999       3.618
           1       3.619
